% # columns="iteration, evaluation, min 25%tile 75%tile max correlation, correlation matrix principal axes lengths  (sorted square roots of eigenvalues of correlation matrix)", seed=1, Fri Feb 20 17:20:07 2026
1 22 -0.09148250778332366 -0.028759466926830006 0.03424504778745627 0.10061211828326444 0.8999343041809058 0.9329378423922678 0.9558708516641997 0.964795998625503 0.9772554669579212 1.011052112888559 1.015453707403541 1.0203220974274871 1.0432306244188503 1.1564759632549793
2 44 -0.20763885807842342 -0.044154845528971864 0.05084617179366889 0.1741405065790027 0.8999343041809058 0.9329378423922678 0.9558708516641997 0.964795998625503 0.9772554669579212 1.011052112888559 1.015453707403541 1.0203220974274871 1.0432306244188503 1.1564759632549793
3 66 -0.30474096520311417 -0.06582573639734429 0.053441899289651526 0.24936432221134128 0.8999343041809058 0.9329378423922678 0.9558708516641997 0.964795998625503 0.9772554669579212 1.011052112888559 1.015453707403541 1.0203220974274871 1.0432306244188503 1.1564759632549793
4 88 -0.3503105444965373 -0.07090197855423222 0.06088267472451862 0.24198363491395505 0.8999343041809058 0.9329378423922678 0.9558708516641997 0.964795998625503 0.9772554669579212 1.011052112888559 1.015453707403541 1.0203220974274871 1.0432306244188503 1.1564759632549793
5 110 -0.4431173398896831 -0.07283587410972084 0.05896197252571882 0.26994065100350023 0.8999343041809058 0.9329378423922678 0.9558708516641997 0.964795998625503 0.9772554669579212 1.011052112888559 1.015453707403541 1.0203220974274871 1.0432306244188503 1.1564759632549793
6 132 -0.4281471042609054 -0.07136553344598422 0.08032345714152299 0.26700439767377365 0.8999343041809058 0.9329378423922678 0.9558708516641997 0.964795998625503 0.9772554669579212 1.011052112888559 1.015453707403541 1.0203220974274871 1.0432306244188503 1.1564759632549793
7 154 -0.3567207476888341 -0.09138977174596548 0.06357171433809126 0.29349582368581584 0.8999343041809058 0.9329378423922678 0.9558708516641997 0.964795998625503 0.9772554669579212 1.011052112888559 1.015453707403541 1.0203220974274871 1.0432306244188503 1.1564759632549793
8 176 -0.3642250420161581 -0.13643879156527133 0.09904804235749418 0.3163658897143359 0.8999343041809058 0.9329378423922678 0.9558708516641997 0.964795998625503 0.9772554669579212 1.011052112888559 1.015453707403541 1.0203220974274871 1.0432306244188503 1.1564759632549793
9 198 -0.347414138654721 -0.14732038083259336 0.08140490203607603 0.3048592308164488 0.8999343041809058 0.9329378423922678 0.9558708516641997 0.964795998625503 0.9772554669579212 1.011052112888559 1.015453707403541 1.0203220974274871 1.0432306244188503 1.1564759632549793
10 220 -0.38918754476358225 -0.15390489539005162 0.09921081549301022 0.3514437350590417 0.8999343041809058 0.9329378423922678 0.9558708516641997 0.964795998625503 0.9772554669579212 1.011052112888559 1.015453707403541 1.0203220974274871 1.0432306244188503 1.1564759632549793
11 242 -0.40015013966778495 -0.16516726225277525 0.10386935935040817 0.3517865963896994 0.69809641416027 0.7678673315687401 0.7998042238119751 0.8492703257358452 0.8644053158030968 0.9875082467965633 1.0112542014157686 1.06349447728508 1.0945930087655582 1.5773191717683237
12 264 -0.3914958828339403 -0.15846211514096992 0.10943285537610446 0.3070417865612412 0.69809641416027 0.7678673315687401 0.7998042238119751 0.8492703257358452 0.8644053158030968 0.9875082467965633 1.0112542014157686 1.06349447728508 1.0945930087655582 1.5773191717683237
13 286 -0.35458671087376203 -0.14424388062182178 0.10310480186351814 0.3141523499732845 0.69809641416027 0.7678673315687401 0.7998042238119751 0.8492703257358452 0.8644053158030968 0.9875082467965633 1.0112542014157686 1.06349447728508 1.0945930087655582 1.5773191717683237
14 308 -0.3385524659301433 -0.142833317892822 0.1256512019489316 0.3088547836377807 0.69809641416027 0.7678673315687401 0.7998042238119751 0.8492703257358452 0.8644053158030968 0.9875082467965633 1.0112542014157686 1.06349447728508 1.0945930087655582 1.5773191717683237
15 330 -0.33739268298752034 -0.13766646462247922 0.12177737946251317 0.3181025218556894 0.69809641416027 0.7678673315687401 0.7998042238119751 0.8492703257358452 0.8644053158030968 0.9875082467965633 1.0112542014157686 1.06349447728508 1.0945930087655582 1.5773191717683237
16 352 -0.3366626454881997 -0.12364122255348381 0.11188370777272533 0.3017662495038167 0.69809641416027 0.7678673315687401 0.7998042238119751 0.8492703257358452 0.8644053158030968 0.9875082467965633 1.0112542014157686 1.06349447728508 1.0945930087655582 1.5773191717683237
17 374 -0.3453504265549893 -0.12488431623681186 0.12240675893981304 0.314020509091693 0.69809641416027 0.7678673315687401 0.7998042238119751 0.8492703257358452 0.8644053158030968 0.9875082467965633 1.0112542014157686 1.06349447728508 1.0945930087655582 1.5773191717683237
18 396 -0.33644452262469854 -0.13068338848929198 0.12772398382229763 0.33118499328450396 0.69809641416027 0.7678673315687401 0.7998042238119751 0.8492703257358452 0.8644053158030968 0.9875082467965633 1.0112542014157686 1.06349447728508 1.0945930087655582 1.5773191717683237
19 418 -0.3027064402392947 -0.13076795470323366 0.10731446101664419 0.33727172486163415 0.69809641416027 0.7678673315687401 0.7998042238119751 0.8492703257358452 0.8644053158030968 0.9875082467965633 1.0112542014157686 1.06349447728508 1.0945930087655582 1.5773191717683237
20 440 -0.3140156081169194 -0.15486384866323447 0.09315880105718832 0.3099115388843382 0.69809641416027 0.7678673315687401 0.7998042238119751 0.8492703257358452 0.8644053158030968 0.9875082467965633 1.0112542014157686 1.06349447728508 1.0945930087655582 1.5773191717683237
21 462 -0.2852154804799917 -0.141901926219259 0.06928426556728168 0.3172667664728938 0.7311991325070304 0.7878779934417092 0.8181689457810195 0.8796783888771456 0.9052438316710701 0.9538568612332722 1.0295952815065956 1.108976735358252 1.1475969138903714 1.4370726418089688
22 484 -0.24688417302740867 -0.11104780328701347 0.06433566102322875 0.31991125754940236 0.7311991325070304 0.7878779934417092 0.8181689457810195 0.8796783888771456 0.9052438316710701 0.9538568612332722 1.0295952815065956 1.108976735358252 1.1475969138903714 1.4370726418089688
23 506 -0.26934883650007 -0.10578685918255365 0.060096655376040836 0.3662472370006978 0.7311991325070304 0.7878779934417092 0.8181689457810195 0.8796783888771456 0.9052438316710701 0.9538568612332722 1.0295952815065956 1.108976735358252 1.1475969138903714 1.4370726418089688
24 528 -0.23205566708559938 -0.11581507652855527 0.04279376480274218 0.3779693682865554 0.7311991325070304 0.7878779934417092 0.8181689457810195 0.8796783888771456 0.9052438316710701 0.9538568612332722 1.0295952815065956 1.108976735358252 1.1475969138903714 1.4370726418089688
25 550 -0.23022597459489302 -0.11586270505367052 0.06807683303984964 0.3764157946023563 0.7311991325070304 0.7878779934417092 0.8181689457810195 0.8796783888771456 0.9052438316710701 0.9538568612332722 1.0295952815065956 1.108976735358252 1.1475969138903714 1.4370726418089688
26 572 -0.2648667710941279 -0.10037450077360702 0.03376653217575549 0.35675964799858917 0.7311991325070304 0.7878779934417092 0.8181689457810195 0.8796783888771456 0.9052438316710701 0.9538568612332722 1.0295952815065956 1.108976735358252 1.1475969138903714 1.4370726418089688
27 594 -0.2485925801216044 -0.10426958712782125 0.06139713727661748 0.3393554790889941 0.7311991325070304 0.7878779934417092 0.8181689457810195 0.8796783888771456 0.9052438316710701 0.9538568612332722 1.0295952815065956 1.108976735358252 1.1475969138903714 1.4370726418089688
28 616 -0.23406158555060808 -0.12326359661040816 0.06357453093552956 0.2724481479393071 0.7311991325070304 0.7878779934417092 0.8181689457810195 0.8796783888771456 0.9052438316710701 0.9538568612332722 1.0295952815065956 1.108976735358252 1.1475969138903714 1.4370726418089688
29 638 -0.17947627377765826 -0.11745687516864822 0.06404753654800115 0.2578029395779657 0.7311991325070304 0.7878779934417092 0.8181689457810195 0.8796783888771456 0.9052438316710701 0.9538568612332722 1.0295952815065956 1.108976735358252 1.1475969138903714 1.4370726418089688
30 660 -0.2209554494555744 -0.11140007296151165 0.04701347312881436 0.21677019220154753 0.7311991325070304 0.7878779934417092 0.8181689457810195 0.8796783888771456 0.9052438316710701 0.9538568612332722 1.0295952815065956 1.108976735358252 1.1475969138903714 1.4370726418089688
31 682 -0.21094758878493666 -0.10496008270605389 0.07956661137766072 0.2452308079262352 0.7520188824453661 0.804581959989457 0.8735426313240952 0.9123265469803208 0.9278840335984258 0.9737059072474664 1.0660979426346626 1.0977750588781388 1.1523830916619608 1.3088030204315901
32 704 -0.20848918976254435 -0.09490762221172291 0.06828303535578434 0.2404143371284467 0.7520188824453661 0.804581959989457 0.8735426313240952 0.9123265469803208 0.9278840335984258 0.9737059072474664 1.0660979426346626 1.0977750588781388 1.1523830916619608 1.3088030204315901
33 726 -0.2348971526880111 -0.06280695226989817 0.06302106126206758 0.21729939163923442 0.7520188824453661 0.804581959989457 0.8735426313240952 0.9123265469803208 0.9278840335984258 0.9737059072474664 1.0660979426346626 1.0977750588781388 1.1523830916619608 1.3088030204315901
34 748 -0.2513542586749285 -0.05623067448619132 0.04946434476977331 0.2175262569296139 0.7520188824453661 0.804581959989457 0.8735426313240952 0.9123265469803208 0.9278840335984258 0.9737059072474664 1.0660979426346626 1.0977750588781388 1.1523830916619608 1.3088030204315901
35 770 -0.22725180976380044 -0.06302042419140716 0.037168698866397704 0.1670357681749232 0.7520188824453661 0.804581959989457 0.8735426313240952 0.9123265469803208 0.9278840335984258 0.9737059072474664 1.0660979426346626 1.0977750588781388 1.1523830916619608 1.3088030204315901
36 792 -0.2394421416369356 -0.060347987302805314 0.049619859438620344 0.18564225332310244 0.7520188824453661 0.804581959989457 0.8735426313240952 0.9123265469803208 0.9278840335984258 0.9737059072474664 1.0660979426346626 1.0977750588781388 1.1523830916619608 1.3088030204315901
37 814 -0.21447401136205044 -0.08430952498757245 0.05026199675218253 0.17921873697282512 0.7520188824453661 0.804581959989457 0.8735426313240952 0.9123265469803208 0.9278840335984258 0.9737059072474664 1.0660979426346626 1.0977750588781388 1.1523830916619608 1.3088030204315901
38 836 -0.23823889275833474 -0.08561464698598671 0.03962434962767912 0.13725076242700135 0.7520188824453661 0.804581959989457 0.8735426313240952 0.9123265469803208 0.9278840335984258 0.9737059072474664 1.0660979426346626 1.0977750588781388 1.1523830916619608 1.3088030204315901
39 858 -0.2214652135159125 -0.08153151007228145 0.048370918211578254 0.16007201985322522 0.7520188824453661 0.804581959989457 0.8735426313240952 0.9123265469803208 0.9278840335984258 0.9737059072474664 1.0660979426346626 1.0977750588781388 1.1523830916619608 1.3088030204315901
40 880 -0.22560441819188945 -0.07051565393887442 0.0647023524068555 0.1780297188620826 0.7520188824453661 0.804581959989457 0.8735426313240952 0.9123265469803208 0.9278840335984258 0.9737059072474664 1.0660979426346626 1.0977750588781388 1.1523830916619608 1.3088030204315901
41 902 -0.2146509641021928 -0.07095073748917821 0.07173235308347184 0.17415480020833235 0.7899252263881529 0.8569559728384893 0.8648820556077036 0.924157188789025 0.9465544528650897 0.9893879637590848 1.057039835623382 1.1033431492113766 1.1381579873529823 1.2387898608632413
42 924 -0.23095188414697637 -0.06044848545583209 0.07758175969612545 0.20556358007072162 0.7899252263881529 0.8569559728384893 0.8648820556077036 0.924157188789025 0.9465544528650897 0.9893879637590848 1.057039835623382 1.1033431492113766 1.1381579873529823 1.2387898608632413
43 946 -0.21221891091600995 -0.06737870103873755 0.05526164540459844 0.18537434153096657 0.7899252263881529 0.8569559728384893 0.8648820556077036 0.924157188789025 0.9465544528650897 0.9893879637590848 1.057039835623382 1.1033431492113766 1.1381579873529823 1.2387898608632413
44 968 -0.25693414533411957 -0.0588482139760908 0.05562686897129401 0.18523748230734452 0.7899252263881529 0.8569559728384893 0.8648820556077036 0.924157188789025 0.9465544528650897 0.9893879637590848 1.057039835623382 1.1033431492113766 1.1381579873529823 1.2387898608632413
45 990 -0.22940810134792375 -0.05502892100361423 0.061543439389543014 0.18813762672015524 0.7899252263881529 0.8569559728384893 0.8648820556077036 0.924157188789025 0.9465544528650897 0.9893879637590848 1.057039835623382 1.1033431492113766 1.1381579873529823 1.2387898608632413
46 1012 -0.21985853060002883 -0.06967913719434524 0.07102762943346977 0.20404278340481424 0.7899252263881529 0.8569559728384893 0.8648820556077036 0.924157188789025 0.9465544528650897 0.9893879637590848 1.057039835623382 1.1033431492113766 1.1381579873529823 1.2387898608632413
47 1034 -0.21126122117215804 -0.06390207114383999 0.07822054912718535 0.18603455692148596 0.7899252263881529 0.8569559728384893 0.8648820556077036 0.924157188789025 0.9465544528650897 0.9893879637590848 1.057039835623382 1.1033431492113766 1.1381579873529823 1.2387898608632413
48 1056 -0.2207540464208733 -0.0687451449004351 0.09262721813992024 0.2814791224429613 0.7899252263881529 0.8569559728384893 0.8648820556077036 0.924157188789025 0.9465544528650897 0.9893879637590848 1.057039835623382 1.1033431492113766 1.1381579873529823 1.2387898608632413
49 1078 -0.21437044660459492 -0.07289912790211706 0.10374338418406182 0.27293398039959427 0.7899252263881529 0.8569559728384893 0.8648820556077036 0.924157188789025 0.9465544528650897 0.9893879637590848 1.057039835623382 1.1033431492113766 1.1381579873529823 1.2387898608632413
50 1100 -0.22559671365422782 -0.07272280209346829 0.09490791869966565 0.31060530534454334 0.7899252263881529 0.8569559728384893 0.8648820556077036 0.924157188789025 0.9465544528650897 0.9893879637590848 1.057039835623382 1.1033431492113766 1.1381579873529823 1.2387898608632413
51 1122 -0.2401652700283744 -0.08342426163684741 0.0960130073981203 0.27833829529151893 0.667570529944051 0.7538771457463516 0.8945985138685939 0.9451015311633265 0.9666579066819138 1.0177304385468933 1.0503609204699225 1.0979230141966982 1.1405973091790094 1.3086777476878328
52 1144 -0.21689804123347178 -0.09495241901953491 0.0855428570656049 0.2785991105391229 0.667570529944051 0.7538771457463516 0.8945985138685939 0.9451015311633265 0.9666579066819138 1.0177304385468933 1.0503609204699225 1.0979230141966982 1.1405973091790094 1.3086777476878328
53 1166 -0.20866120908554328 -0.09022636900530281 0.09441025688141107 0.26735937989654 0.667570529944051 0.7538771457463516 0.8945985138685939 0.9451015311633265 0.9666579066819138 1.0177304385468933 1.0503609204699225 1.0979230141966982 1.1405973091790094 1.3086777476878328
54 1188 -0.2149355858007247 -0.07510175201252745 0.07476986932213288 0.23295870056028015 0.667570529944051 0.7538771457463516 0.8945985138685939 0.9451015311633265 0.9666579066819138 1.0177304385468933 1.0503609204699225 1.0979230141966982 1.1405973091790094 1.3086777476878328
55 1210 -0.2136583438294346 -0.08535999484790574 0.07997100835254853 0.25769719382274336 0.667570529944051 0.7538771457463516 0.8945985138685939 0.9451015311633265 0.9666579066819138 1.0177304385468933 1.0503609204699225 1.0979230141966982 1.1405973091790094 1.3086777476878328
56 1232 -0.21696866868732279 -0.09791091467207826 0.07287573774338373 0.26437311811691466 0.667570529944051 0.7538771457463516 0.8945985138685939 0.9451015311633265 0.9666579066819138 1.0177304385468933 1.0503609204699225 1.0979230141966982 1.1405973091790094 1.3086777476878328
57 1254 -0.21438432867364995 -0.09633502359367471 0.057662742580751325 0.2644544164325845 0.667570529944051 0.7538771457463516 0.8945985138685939 0.9451015311633265 0.9666579066819138 1.0177304385468933 1.0503609204699225 1.0979230141966982 1.1405973091790094 1.3086777476878328
58 1276 -0.25640657964908425 -0.08769944823158714 0.07726471709535462 0.25788441123236366 0.667570529944051 0.7538771457463516 0.8945985138685939 0.9451015311633265 0.9666579066819138 1.0177304385468933 1.0503609204699225 1.0979230141966982 1.1405973091790094 1.3086777476878328
59 1298 -0.2380997873789233 -0.09939596408008616 0.060895354200317706 0.2332253427289468 0.667570529944051 0.7538771457463516 0.8945985138685939 0.9451015311633265 0.9666579066819138 1.0177304385468933 1.0503609204699225 1.0979230141966982 1.1405973091790094 1.3086777476878328
60 1320 -0.20519147942627122 -0.09442720117196476 0.06012728018848416 0.2647663525126233 0.667570529944051 0.7538771457463516 0.8945985138685939 0.9451015311633265 0.9666579066819138 1.0177304385468933 1.0503609204699225 1.0979230141966982 1.1405973091790094 1.3086777476878328
61 1342 -0.19613676308769087 -0.10169701887494248 0.06759618674300585 0.2740661329071139 0.7000977764942033 0.7327325226415705 0.7968986925857794 0.9400023461222875 0.9638440975509905 1.0115743834421824 1.065499579860162 1.116322737053653 1.1856001986334375 1.3095504572507917
62 1364 -0.22791353083361499 -0.10049431297986397 0.09373254994620096 0.2526062850648059 0.7000977764942033 0.7327325226415705 0.7968986925857794 0.9400023461222875 0.9638440975509905 1.0115743834421824 1.065499579860162 1.116322737053653 1.1856001986334375 1.3095504572507917
63 1386 -0.18938578789975608 -0.09990021624845946 0.08287453013781976 0.26704242385499094 0.7000977764942033 0.7327325226415705 0.7968986925857794 0.9400023461222875 0.9638440975509905 1.0115743834421824 1.065499579860162 1.116322737053653 1.1856001986334375 1.3095504572507917
64 1408 -0.21588169684641492 -0.10152723309616746 0.08406115244790247 0.2278098858759259 0.7000977764942033 0.7327325226415705 0.7968986925857794 0.9400023461222875 0.9638440975509905 1.0115743834421824 1.065499579860162 1.116322737053653 1.1856001986334375 1.3095504572507917
65 1430 -0.2603423495734464 -0.07132720479356576 0.07172019819217737 0.22134979152571316 0.7000977764942033 0.7327325226415705 0.7968986925857794 0.9400023461222875 0.9638440975509905 1.0115743834421824 1.065499579860162 1.116322737053653 1.1856001986334375 1.3095504572507917
66 1452 -0.23961855379823546 -0.07768089152986546 0.0575618956236148 0.177675810834813 0.7000977764942033 0.7327325226415705 0.7968986925857794 0.9400023461222875 0.9638440975509905 1.0115743834421824 1.065499579860162 1.116322737053653 1.1856001986334375 1.3095504572507917
67 1474 -0.16890336709610113 -0.07368166830329156 0.057902892817232675 0.22321625793672897 0.7000977764942033 0.7327325226415705 0.7968986925857794 0.9400023461222875 0.9638440975509905 1.0115743834421824 1.065499579860162 1.116322737053653 1.1856001986334375 1.3095504572507917
68 1496 -0.15954180916560615 -0.06517305360193253 0.05737288638444969 0.19735624603752108 0.7000977764942033 0.7327325226415705 0.7968986925857794 0.9400023461222875 0.9638440975509905 1.0115743834421824 1.065499579860162 1.116322737053653 1.1856001986334375 1.3095504572507917
69 1518 -0.1635781904449451 -0.0861110585621966 0.06851173877672892 0.22100516369759007 0.7000977764942033 0.7327325226415705 0.7968986925857794 0.9400023461222875 0.9638440975509905 1.0115743834421824 1.065499579860162 1.116322737053653 1.1856001986334375 1.3095504572507917
70 1540 -0.18872555153195525 -0.0990437423692308 0.0672443754916427 0.19738750677507247 0.7000977764942033 0.7327325226415705 0.7968986925857794 0.9400023461222875 0.9638440975509905 1.0115743834421824 1.065499579860162 1.116322737053653 1.1856001986334375 1.3095504572507917
71 1562 -0.20762103935427972 -0.10393054716116357 0.07291047994358943 0.20797190285287526 0.7793181103061768 0.8016256555828419 0.8248599992504395 0.8964515053681912 0.9219284677712026 1.0234215299751424 1.0698953727479756 1.1287816090775764 1.2103454425692057 1.2185796747643955
72 1584 -0.19902137661229408 -0.10165701224565897 0.04613166341829924 0.1903221710554936 0.7793181103061768 0.8016256555828419 0.8248599992504395 0.8964515053681912 0.9219284677712026 1.0234215299751424 1.0698953727479756 1.1287816090775764 1.2103454425692057 1.2185796747643955
73 1606 -0.20373141183180224 -0.07532126041723738 0.06438740328016399 0.19327799151302075 0.7793181103061768 0.8016256555828419 0.8248599992504395 0.8964515053681912 0.9219284677712026 1.0234215299751424 1.0698953727479756 1.1287816090775764 1.2103454425692057 1.2185796747643955
74 1628 -0.21647896311778958 -0.07478684655230974 0.03696023712281083 0.19023843237483173 0.7793181103061768 0.8016256555828419 0.8248599992504395 0.8964515053681912 0.9219284677712026 1.0234215299751424 1.0698953727479756 1.1287816090775764 1.2103454425692057 1.2185796747643955
75 1650 -0.16891904330573546 -0.07809151776758315 0.051520477539490815 0.20045034867410028 0.7793181103061768 0.8016256555828419 0.8248599992504395 0.8964515053681912 0.9219284677712026 1.0234215299751424 1.0698953727479756 1.1287816090775764 1.2103454425692057 1.2185796747643955
76 1672 -0.23589496494252551 -0.07677821240696257 0.05656479051585354 0.21643361082603343 0.7793181103061768 0.8016256555828419 0.8248599992504395 0.8964515053681912 0.9219284677712026 1.0234215299751424 1.0698953727479756 1.1287816090775764 1.2103454425692057 1.2185796747643955
77 1694 -0.21149118705252198 -0.06385445478749016 0.07620876403121199 0.19465869590205973 0.7793181103061768 0.8016256555828419 0.8248599992504395 0.8964515053681912 0.9219284677712026 1.0234215299751424 1.0698953727479756 1.1287816090775764 1.2103454425692057 1.2185796747643955
78 1716 -0.22397107792361215 -0.07308773924584483 0.07197336724007045 0.2151769329719152 0.7793181103061768 0.8016256555828419 0.8248599992504395 0.8964515053681912 0.9219284677712026 1.0234215299751424 1.0698953727479756 1.1287816090775764 1.2103454425692057 1.2185796747643955
79 1738 -0.23209846871504752 -0.0691049700859493 0.07469954127488548 0.21456319428064533 0.7793181103061768 0.8016256555828419 0.8248599992504395 0.8964515053681912 0.9219284677712026 1.0234215299751424 1.0698953727479756 1.1287816090775764 1.2103454425692057 1.2185796747643955
80 1760 -0.22488584628199226 -0.0713631379310089 0.0636215401140191 0.21018712501704698 0.7793181103061768 0.8016256555828419 0.8248599992504395 0.8964515053681912 0.9219284677712026 1.0234215299751424 1.0698953727479756 1.1287816090775764 1.2103454425692057 1.2185796747643955
81 1782 -0.22240329665348624 -0.06805826148376237 0.07124097500805726 0.2512780647739856 0.7350879993954463 0.8382797347101677 0.8785898380098696 0.889085733917713 0.9685747816129612 0.9898811299213098 1.0551184936198053 1.0824060910461477 1.2003997668648756 1.245270987799999
82 1804 -0.19382373359028032 -0.06533918446625564 0.08094254213260951 0.23474507476464682 0.7350879993954463 0.8382797347101677 0.8785898380098696 0.889085733917713 0.9685747816129612 0.9898811299213098 1.0551184936198053 1.0824060910461477 1.2003997668648756 1.245270987799999
83 1826 -0.274325331923673 -0.05659462761049022 0.07707205008764467 0.22229860545930938 0.7350879993954463 0.8382797347101677 0.8785898380098696 0.889085733917713 0.9685747816129612 0.9898811299213098 1.0551184936198053 1.0824060910461477 1.2003997668648756 1.245270987799999
84 1848 -0.21145417400002392 -0.05766883939662203 0.057431332511691136 0.20665048337945355 0.7350879993954463 0.8382797347101677 0.8785898380098696 0.889085733917713 0.9685747816129612 0.9898811299213098 1.0551184936198053 1.0824060910461477 1.2003997668648756 1.245270987799999
85 1870 -0.1990290216650719 -0.06904822603303723 0.061803538982005767 0.23209309490609942 0.7350879993954463 0.8382797347101677 0.8785898380098696 0.889085733917713 0.9685747816129612 0.9898811299213098 1.0551184936198053 1.0824060910461477 1.2003997668648756 1.245270987799999
86 1892 -0.20585712190193503 -0.060193888342534405 0.07860149440986056 0.2868385619819478 0.7350879993954463 0.8382797347101677 0.8785898380098696 0.889085733917713 0.9685747816129612 0.9898811299213098 1.0551184936198053 1.0824060910461477 1.2003997668648756 1.245270987799999
87 1914 -0.21289601963071703 -0.04094989620945456 0.09910962822936677 0.2572257615635633 0.7350879993954463 0.8382797347101677 0.8785898380098696 0.889085733917713 0.9685747816129612 0.9898811299213098 1.0551184936198053 1.0824060910461477 1.2003997668648756 1.245270987799999
88 1936 -0.22827977314495804 -0.05387244927839832 0.10531347893582091 0.25311883966223203 0.7350879993954463 0.8382797347101677 0.8785898380098696 0.889085733917713 0.9685747816129612 0.9898811299213098 1.0551184936198053 1.0824060910461477 1.2003997668648756 1.245270987799999
89 1958 -0.25929315459240937 -0.04306945085640693 0.11295076687588879 0.2268233389103009 0.7350879993954463 0.8382797347101677 0.8785898380098696 0.889085733917713 0.9685747816129612 0.9898811299213098 1.0551184936198053 1.0824060910461477 1.2003997668648756 1.245270987799999
90 1980 -0.29287078880263856 -0.06225632621315588 0.11969669273658054 0.26274557083360395 0.7350879993954463 0.8382797347101677 0.8785898380098696 0.889085733917713 0.9685747816129612 0.9898811299213098 1.0551184936198053 1.0824060910461477 1.2003997668648756 1.245270987799999
91 2002 -0.2668491072380958 -0.06242447491572085 0.10622945850372252 0.2698142642708704 0.6916777261863474 0.7747660401406771 0.8701512509051704 0.8751250426441374 0.9378706986668252 0.9872931908364012 1.0842282039180047 1.1204910187307608 1.2394747056691104 1.2556331897161987
92 2024 -0.27586578609180124 -0.05864076787534517 0.11740461804476962 0.24839717489739255 0.6916777261863474 0.7747660401406771 0.8701512509051704 0.8751250426441374 0.9378706986668252 0.9872931908364012 1.0842282039180047 1.1204910187307608 1.2394747056691104 1.2556331897161987
93 2046 -0.28383642447752067 -0.07479859446727657 0.12232770758544909 0.2450735188489703 0.6916777261863474 0.7747660401406771 0.8701512509051704 0.8751250426441374 0.9378706986668252 0.9872931908364012 1.0842282039180047 1.1204910187307608 1.2394747056691104 1.2556331897161987
94 2068 -0.27353389178834214 -0.06894755856168308 0.13032501484712883 0.25540142514131037 0.6916777261863474 0.7747660401406771 0.8701512509051704 0.8751250426441374 0.9378706986668252 0.9872931908364012 1.0842282039180047 1.1204910187307608 1.2394747056691104 1.2556331897161987
95 2090 -0.2155149362440577 -0.059906718393231626 0.14353100400514493 0.23862097168042468 0.6916777261863474 0.7747660401406771 0.8701512509051704 0.8751250426441374 0.9378706986668252 0.9872931908364012 1.0842282039180047 1.1204910187307608 1.2394747056691104 1.2556331897161987
96 2112 -0.19345535685340162 -0.07041531490268266 0.12868094076177786 0.21138711804508 0.6916777261863474 0.7747660401406771 0.8701512509051704 0.8751250426441374 0.9378706986668252 0.9872931908364012 1.0842282039180047 1.1204910187307608 1.2394747056691104 1.2556331897161987
97 2134 -0.14017622890078363 -0.031971367380451955 0.1348486059217504 0.24958535961623182 0.6916777261863474 0.7747660401406771 0.8701512509051704 0.8751250426441374 0.9378706986668252 0.9872931908364012 1.0842282039180047 1.1204910187307608 1.2394747056691104 1.2556331897161987
98 2156 -0.15476529311484566 -0.02199838138854772 0.10518809461328388 0.21232499181363013 0.6916777261863474 0.7747660401406771 0.8701512509051704 0.8751250426441374 0.9378706986668252 0.9872931908364012 1.0842282039180047 1.1204910187307608 1.2394747056691104 1.2556331897161987
99 2178 -0.1411954915383725 -0.04690712001457358 0.09604851599390819 0.2358569679693925 0.6916777261863474 0.7747660401406771 0.8701512509051704 0.8751250426441374 0.9378706986668252 0.9872931908364012 1.0842282039180047 1.1204910187307608 1.2394747056691104 1.2556331897161987
100 2200 -0.1311868167691899 -0.05595064309011083 0.09922385173456355 0.24298539644864847 0.6916777261863474 0.7747660401406771 0.8701512509051704 0.8751250426441374 0.9378706986668252 0.9872931908364012 1.0842282039180047 1.1204910187307608 1.2394747056691104 1.2556331897161987
101 2222 -0.1812491256048762 -0.04236277813661146 0.09041787292326044 0.2624337586841874 0.7420902054115206 0.7911224401049125 0.85163947950228 0.9131930818384876 1.0143385874305642 1.020721565253164 1.0826886266367752 1.1123783501492583 1.14259872141584 1.2158653815271332
102 2244 -0.22935312217228995 -0.05591630620882257 0.1016978963108641 0.22330467791235625 0.7420902054115206 0.7911224401049125 0.85163947950228 0.9131930818384876 1.0143385874305642 1.020721565253164 1.0826886266367752 1.1123783501492583 1.14259872141584 1.2158653815271332
103 2266 -0.24247484770934968 -0.05113679515869177 0.09481775961520657 0.20540004814730287 0.7420902054115206 0.7911224401049125 0.85163947950228 0.9131930818384876 1.0143385874305642 1.020721565253164 1.0826886266367752 1.1123783501492583 1.14259872141584 1.2158653815271332
104 2288 -0.23404519895801387 -0.040490910275322305 0.10064237908125041 0.20429089794939065 0.7420902054115206 0.7911224401049125 0.85163947950228 0.9131930818384876 1.0143385874305642 1.020721565253164 1.0826886266367752 1.1123783501492583 1.14259872141584 1.2158653815271332
105 2310 -0.23360562936552579 -0.027765522551709686 0.11785868171872582 0.24291331713432485 0.7420902054115206 0.7911224401049125 0.85163947950228 0.9131930818384876 1.0143385874305642 1.020721565253164 1.0826886266367752 1.1123783501492583 1.14259872141584 1.2158653815271332
106 2332 -0.2209375906609397 -0.03063664011004965 0.12603151682440644 0.26199193860079434 0.7420902054115206 0.7911224401049125 0.85163947950228 0.9131930818384876 1.0143385874305642 1.020721565253164 1.0826886266367752 1.1123783501492583 1.14259872141584 1.2158653815271332
107 2354 -0.1993869083979834 -0.03100910700681698 0.11117672631679207 0.22716129722146938 0.7420902054115206 0.7911224401049125 0.85163947950228 0.9131930818384876 1.0143385874305642 1.020721565253164 1.0826886266367752 1.1123783501492583 1.14259872141584 1.2158653815271332
108 2376 -0.20369507737988832 -0.04009406396931115 0.09762529028306802 0.15064454524350138 0.7420902054115206 0.7911224401049125 0.85163947950228 0.9131930818384876 1.0143385874305642 1.020721565253164 1.0826886266367752 1.1123783501492583 1.14259872141584 1.2158653815271332
109 2398 -0.19766285412853857 -0.04842773602820524 0.11278523686736822 0.15784198047775802 0.7420902054115206 0.7911224401049125 0.85163947950228 0.9131930818384876 1.0143385874305642 1.020721565253164 1.0826886266367752 1.1123783501492583 1.14259872141584 1.2158653815271332
110 2420 -0.14763045817858642 -0.045095907930115926 0.11555036200530377 0.18071067474089986 0.7420902054115206 0.7911224401049125 0.85163947950228 0.9131930818384876 1.0143385874305642 1.020721565253164 1.0826886266367752 1.1123783501492583 1.14259872141584 1.2158653815271332
111 2442 -0.16319373018523947 -0.03997748711408477 0.0899797744573889 0.26514465773028384 0.7365053091633373 0.8248064642194189 0.8378164078488635 0.9083447709354019 0.9309677187079867 0.9673426870255345 1.07022131461189 1.123916952561833 1.2301475070355077 1.235293096807526
112 2464 -0.2098468858882056 -0.032871514230164926 0.08652567888317157 0.28006365104756953 0.7365053091633373 0.8248064642194189 0.8378164078488635 0.9083447709354019 0.9309677187079867 0.9673426870255345 1.07022131461189 1.123916952561833 1.2301475070355077 1.235293096807526
113 2486 -0.1787447840414238 -0.05442195047323731 0.08752157769793967 0.22830233106784548 0.7365053091633373 0.8248064642194189 0.8378164078488635 0.9083447709354019 0.9309677187079867 0.9673426870255345 1.07022131461189 1.123916952561833 1.2301475070355077 1.235293096807526
114 2508 -0.19087534048616792 -0.05175024883221225 0.0927775058178326 0.2354114633389885 0.7365053091633373 0.8248064642194189 0.8378164078488635 0.9083447709354019 0.9309677187079867 0.9673426870255345 1.07022131461189 1.123916952561833 1.2301475070355077 1.235293096807526
115 2530 -0.16212721409584452 -0.061614835665116253 0.11222489092268367 0.21462543983548038 0.7365053091633373 0.8248064642194189 0.8378164078488635 0.9083447709354019 0.9309677187079867 0.9673426870255345 1.07022131461189 1.123916952561833 1.2301475070355077 1.235293096807526
116 2552 -0.1601763934984502 -0.061463253036530247 0.10495567728362765 0.22928992280663668 0.7365053091633373 0.8248064642194189 0.8378164078488635 0.9083447709354019 0.9309677187079867 0.9673426870255345 1.07022131461189 1.123916952561833 1.2301475070355077 1.235293096807526
117 2574 -0.13263779028245082 -0.06049880687377913 0.1070092018896881 0.23733428740191673 0.7365053091633373 0.8248064642194189 0.8378164078488635 0.9083447709354019 0.9309677187079867 0.9673426870255345 1.07022131461189 1.123916952561833 1.2301475070355077 1.235293096807526
118 2596 -0.15630893800324366 -0.05436297036331869 0.10672207641071653 0.23950803025567463 0.7365053091633373 0.8248064642194189 0.8378164078488635 0.9083447709354019 0.9309677187079867 0.9673426870255345 1.07022131461189 1.123916952561833 1.2301475070355077 1.235293096807526
119 2618 -0.17689775050852344 -0.036859648050116475 0.09071340805586038 0.24670330291477288 0.7365053091633373 0.8248064642194189 0.8378164078488635 0.9083447709354019 0.9309677187079867 0.9673426870255345 1.07022131461189 1.123916952561833 1.2301475070355077 1.235293096807526
120 2640 -0.16250803958728785 -0.04573396606979705 0.1000801881217381 0.2170088370441625 0.7365053091633373 0.8248064642194189 0.8378164078488635 0.9083447709354019 0.9309677187079867 0.9673426870255345 1.07022131461189 1.123916952561833 1.2301475070355077 1.235293096807526
121 2662 -0.1785016965554769 -0.03340795512040689 0.10068569242686183 0.24584605604895082 0.7127330493645837 0.789263275124217 0.8714440913915218 0.9307141291745507 0.9930606452044592 1.0056438105783156 1.0378263398668242 1.088701103029228 1.154509196620071 1.284794723241887
122 2684 -0.20312700525036742 -0.03253292292902449 0.09507237300599751 0.20612024124239212 0.7127330493645837 0.789263275124217 0.8714440913915218 0.9307141291745507 0.9930606452044592 1.0056438105783156 1.0378263398668242 1.088701103029228 1.154509196620071 1.284794723241887
123 2706 -0.21319356937147463 -0.044393451858443594 0.10627110925787595 0.28104422694729414 0.7127330493645837 0.789263275124217 0.8714440913915218 0.9307141291745507 0.9930606452044592 1.0056438105783156 1.0378263398668242 1.088701103029228 1.154509196620071 1.284794723241887
124 2728 -0.23462630968208578 -0.03616143171785915 0.12061340374643953 0.28819246699306567 0.7127330493645837 0.789263275124217 0.8714440913915218 0.9307141291745507 0.9930606452044592 1.0056438105783156 1.0378263398668242 1.088701103029228 1.154509196620071 1.284794723241887
125 2750 -0.25529482465058484 -0.030130271622745633 0.11801502496536202 0.29584991989572534 0.7127330493645837 0.789263275124217 0.8714440913915218 0.9307141291745507 0.9930606452044592 1.0056438105783156 1.0378263398668242 1.088701103029228 1.154509196620071 1.284794723241887
126 2772 -0.28293881759234324 -0.013600296418827377 0.12441315969333736 0.28133187280775973 0.7127330493645837 0.789263275124217 0.8714440913915218 0.9307141291745507 0.9930606452044592 1.0056438105783156 1.0378263398668242 1.088701103029228 1.154509196620071 1.284794723241887
127 2794 -0.30218226024353556 -0.01886373630021304 0.12692544162930905 0.25902619357364576 0.7127330493645837 0.789263275124217 0.8714440913915218 0.9307141291745507 0.9930606452044592 1.0056438105783156 1.0378263398668242 1.088701103029228 1.154509196620071 1.284794723241887
128 2816 -0.2965003567062414 -0.03576520337906912 0.13225744687674787 0.2390048055980997 0.7127330493645837 0.789263275124217 0.8714440913915218 0.9307141291745507 0.9930606452044592 1.0056438105783156 1.0378263398668242 1.088701103029228 1.154509196620071 1.284794723241887
129 2838 -0.312096318278102 -0.022961221481780245 0.13792969107666722 0.24984758777576405 0.7127330493645837 0.789263275124217 0.8714440913915218 0.9307141291745507 0.9930606452044592 1.0056438105783156 1.0378263398668242 1.088701103029228 1.154509196620071 1.284794723241887
130 2860 -0.2726108374353089 -0.035047701189381664 0.10931646210716339 0.20701162058859413 0.7127330493645837 0.789263275124217 0.8714440913915218 0.9307141291745507 0.9930606452044592 1.0056438105783156 1.0378263398668242 1.088701103029228 1.154509196620071 1.284794723241887
131 2882 -0.22815368381215184 -0.0374004361939978 0.1287812023765733 0.2402564605528641 0.7140107029357653 0.8223617468490011 0.856455617517263 0.88839184577293 0.9265333033487918 0.9731714822769075 1.0529505957242642 1.0895549584595188 1.178192374028122 1.3422572950483969
132 2904 -0.19269293486448885 -0.04686571192529463 0.10581616897357013 0.21990028510956172 0.7140107029357653 0.8223617468490011 0.856455617517263 0.88839184577293 0.9265333033487918 0.9731714822769075 1.0529505957242642 1.0895549584595188 1.178192374028122 1.3422572950483969
133 2926 -0.239897261013864 -0.04778380863057646 0.11009990959964425 0.22168331047282908 0.7140107029357653 0.8223617468490011 0.856455617517263 0.88839184577293 0.9265333033487918 0.9731714822769075 1.0529505957242642 1.0895549584595188 1.178192374028122 1.3422572950483969
134 2948 -0.16037956663135416 -0.05056223674233599 0.10176240647514138 0.2223278537018276 0.7140107029357653 0.8223617468490011 0.856455617517263 0.88839184577293 0.9265333033487918 0.9731714822769075 1.0529505957242642 1.0895549584595188 1.178192374028122 1.3422572950483969
135 2970 -0.1647847232790736 -0.06355168896792418 0.09584384615487564 0.2540749314896674 0.7140107029357653 0.8223617468490011 0.856455617517263 0.88839184577293 0.9265333033487918 0.9731714822769075 1.0529505957242642 1.0895549584595188 1.178192374028122 1.3422572950483969
136 2992 -0.1943156073969397 -0.037398329700809425 0.07331550795043396 0.22675177939065758 0.7140107029357653 0.8223617468490011 0.856455617517263 0.88839184577293 0.9265333033487918 0.9731714822769075 1.0529505957242642 1.0895549584595188 1.178192374028122 1.3422572950483969
137 3014 -0.22792408394359998 -0.041102186155702304 0.07360144692797922 0.23262436037035786 0.7140107029357653 0.8223617468490011 0.856455617517263 0.88839184577293 0.9265333033487918 0.9731714822769075 1.0529505957242642 1.0895549584595188 1.178192374028122 1.3422572950483969
137 3014 -0.22792408394359998 -0.041102186155702304 0.07360144692797922 0.23262436037035786 0.7140107029357653 0.8223617468490011 0.856455617517263 0.88839184577293 0.9265333033487918 0.9731714822769075 1.0529505957242642 1.0895549584595188 1.178192374028122 1.3422572950483969
