0.2274120074013506 0.1379462681092573 -0.2956508329841551 0.0634251092444349 -0.1178657032597578 -0.5926565846587494 -0.3100922262000546 -0.2488123388793248 -0.3064699479900808 -0.4697868637838702
-0.2369596218046369 0.3146350289117151 -0.1991978557904190 0.2925495920879467 0.0720137604490457 -0.0859055665377678 0.5078331592435144 0.1693581110022721 -0.6139883247438892 0.2084845036593879
-0.2294667596435858 -0.1678006267656404 -0.0114833048977812 -0.5659456382982718 0.5693099984813106 -0.3638900155013242 -0.1800083893960554 0.1762693264320443 -0.1701632274701938 0.2231644833891185
-0.5130292597264092 0.1074304876803643 -0.6227161830859085 0.1587685926508519 -0.1325107885495310 -0.1186752637105838 -0.2027266568080932 0.1019465696674400 0.4487834177851077 0.1665415097406490
-0.3875757590962171 -0.3563455544776672 0.3258760638600047 0.4887670361694554 0.3242089539443089 -0.2912729663132992 0.1760564830175836 -0.2860513081690444 0.1656088621609001 -0.2179805818316156
0.2983486873593328 -0.4585472474280166 -0.2431225111821031 -0.1678263807793936 -0.2365354388946752 -0.3659677736132817 0.5887727681517942 0.1647220903592716 0.2190527693234380 0.0423786810067249
0.5359590628389802 -0.0871723184634997 -0.2167643230047421 0.4925372462855448 0.4965520524292169 0.0330252691140959 -0.1971236143954889 0.2933790170967761 0.0886339353565067 0.1874289424146904
0.2013387848328274 0.2845943021250614 0.1424722922890599 0.0161306647858915 -0.0356572196680739 -0.3022192658741029 0.0298373322101952 -0.5572194134499170 0.1608375105314501 0.6542551922687897
0.0810752658731364 0.1980332678345652 -0.3938025808535299 -0.2286171689555615 0.4655470972837295 0.3077559741966592 0.3484822897369901 -0.4489633510106907 0.1660614576841410 -0.2912577887094178
-0.0518687870061955 -0.6141819178980072 -0.3119841747761106 0.0520788168809077 -0.1166995000078013 0.2982706820195972 -0.1833303746075680 -0.4010670029370891 -0.4025182356139673 0.2469291437400769
