-0.1075743657886983 0.0405780329582373 0.2481536752229642 -0.2838167672126063 0.2534398028288693 -0.3040281390429337 0.3598592100081259 0.7108978835069313 -0.1331567861700604 -0.1880929310086608
-0.3662892105511233 -0.2595154019560613 -0.2900487854554153 -0.0301234026868234 0.1323554727387295 0.5405387345501419 0.1839990424094141 0.0171649323448108 -0.6070811176778743 -0.0324097575409496
-0.3258513208583132 -0.1384311782868071 -0.5816682917409239 -0.1577331846192605 -0.0647492859696959 0.0185124312860658 0.3011191827082876 0.0982651273534379 0.6376044373976247 0.0060473335064344
-0.1210603542068175 0.0798462565721385 -0.2914786659348377 -0.2382584974870907 -0.2711914941660096 -0.0925565559307089 -0.6534357167861966 0.4328263087904342 -0.1555829525425983 0.3414785416422455
-0.2673293506339731 -0.5218832707107878 0.3663356526311483 -0.4673805281956801 0.3352265323207485 -0.0267843688524690 -0.2953392222343432 -0.2460464285975704 0.1799041279416305 0.1015020919193429
0.5024512802889444 0.2203612621748074 -0.2346786685260080 -0.2729639706690106 0.5646875614862275 0.1882788728714183 0.1001308845747333 -0.0108120677153988 0.0249746547178938 0.4520093074538635
-0.1213169235667810 0.2716158278944925 0.4680381273394644 -0.2101642279875367 -0.3813437757529637 0.5600070439673815 0.1933222493982619 0.1168945635755089 0.2047142579810871 0.3103250418499615
-0.4217137095809775 0.2606112715298228 0.0060051730237220 -0.0279317317977368 -0.0331472784975036 -0.4796562655072261 0.2942325803412480 -0.3445560472589823 -0.2404911720707877 0.5090447019326304
-0.4092302111950153 0.6494670999307245 -0.0101828213634949 -0.0247971828641294 0.3831961405136353 0.1413789242987277 -0.2967179787362286 -0.1063870162114645 0.1112170032608373 -0.3625579539129101
0.2224261497033376 0.1450669595727291 -0.1500610301510321 -0.7059573514313258 -0.3404453393507879 -0.0815044907308837 0.0987693809348717 -0.3049225536747016 -0.1946122592157647 -0.3813594019776544
