0.1528018253543248 0.0782924746671675 0.2753673767936970 0.6160697788591695 0.2185807579739130 -0.1900004617670103 0.3620838053007603 0.1157095837064035 -0.2463975384084144 0.4754680493667345
0.5062773675368902 0.5721628388839067 0.2080921698551105 0.0664382424600010 -0.2960437564279315 0.3588979434252546 -0.0832367818769942 0.1837624567750096 0.3337541030036393 0.0076209277791927
-0.0398525103056576 0.0862826929634378 -0.3166906576602475 -0.1192377641247404 -0.6826297245446581 -0.2090486819811280 0.5921052943906874 -0.0514595554003295 -0.0730432261198920 0.0905521210967497
0.5323208391868052 -0.5000754774895091 -0.1819986298186115 -0.2675462481374815 0.0476913666077810 0.4398516710130450 0.0909431331754949 0.0048034961641563 -0.2019236848256840 0.3421164777530560
0.4996337364916202 -0.1119501734761960 -0.2015044641841808 -0.0024774184574519 -0.0799012666955256 -0.7171669531827338 -0.3867816243023933 0.1313193655122437 0.0908439681041686 0.0375901978619750
0.1740735673169936 -0.3067803267529879 -0.2517697912183657 0.4356221483690498 0.1498498424415075 0.0709630076170454 0.3194280840541676 -0.1718394734820579 0.5714579102566575 -0.3698804778644653
-0.1144515587693649 0.0326967220602605 0.0416884445721864 -0.4485020056557101 0.3509341071211381 -0.1527158276317168 0.3389311918068778 0.5287219735761906 0.4449783179565586 0.2098474123028492
-0.3767249780621028 -0.2223869589275880 -0.2333564055396395 0.3180140421443850 -0.3176511082053969 0.1828363173416151 -0.3650945200012458 0.2806420988442048 0.3003278715536056 0.4652440395125506
-0.0202314590713343 0.0360058197162140 0.2311860054842619 -0.1927988757071182 0.0142312482773567 -0.1252251708818340 -0.0354908873395224 -0.7232618907087947 0.3892444880819829 0.4646648086704891
0.0039335813541781 -0.5005110623227146 0.7306310959248357 -0.0318460032863772 -0.3784495330039430 -0.0782590138214095 0.0452253555562891 0.1482674487483095 0.0851903122281912 -0.1843983634862608
