-0.1037517416738867 0.2787003029989331 0.3820188967285610 0.1499234776968796 0.5645895845739145 -0.0191700916462966 -0.0589040645744523 -0.5250740092206826 -0.3568783012057938 0.1322225900080096
-0.2436659711030141 -0.1598955626614877 0.2473827724054811 0.5371827213589851 -0.6244139969637355 -0.0187348514155433 -0.1906961233195884 -0.1024374074678245 -0.3566957091435979 0.0310273150116365
0.2157924835274499 -0.5293982352785606 -0.0648491876556962 -0.3975918087685784 0.0987080266136581 0.1874861957985486 -0.4739755382201156 -0.0245545438685274 -0.4833662636077629 -0.0842224412777519
0.6783927753137740 0.0957250929263558 0.1532943597774811 0.4809600414606322 0.1386739334674870 0.3860481006998653 -0.1006819597570732 0.3046125794418260 0.0327910029479243 0.0594449361892026
0.2400762264771202 -0.3374058670281095 -0.1201068033903253 0.0530375823048890 -0.1233872830785930 0.0429727290407352 -0.0550308344424956 -0.6085805648386040 0.4429795500239804 0.4739002021240772
-0.1429485307360099 -0.0964784691477719 0.1645058044135857 0.1886829831408603 0.2248204657642448 -0.3477778082357994 -0.6587134299556779 0.0927905942317629 0.4652009557260905 -0.2778041443545238
0.1480836983677510 -0.2742248661593084 0.5190519616310890 -0.1534001020841270 0.0368291445299353 -0.5031443393637774 0.1962171108148201 0.3420317666857086 -0.0518091095571466 0.4441213020254157
0.2826981608140673 0.3204480146266190 -0.5488869921801292 0.1196118229777088 -0.0435447317177864 -0.5612861289114314 -0.2276868564783324 0.0014695959276346 -0.2911872711613701 0.2196341231076527
-0.4359750796600481 0.1517194433616426 -0.1269082398167138 -0.0403403460502558 0.0949801092837501 0.3461034526670139 -0.3260816062790793 0.3306530664653501 0.0325855670485869 0.6508783227030029
-0.2304064629900837 -0.5322386253470978 -0.3699640175512604 0.4708244795338682 0.4293362468816456 -0.0657061582121511 0.3029392400952039 0.1229324019083688 -0.0975141717456951 -0.0067348538912832
