-0.2941524926880887 0.0568007205562514 -0.5559628616082040 -0.0412584592225763 0.5166787993946327 -0.1604238606491627 -0.0146490960674457 -0.2634172834431830 0.3976530570788043 -0.2811174370239444
0.1872462693876730 -0.1119578327353926 0.6152589066819171 0.0201636418882709 0.3337383996244191 0.2683079969871039 -0.1776866545759414 0.0384448365849075 0.3907580123032064 -0.4520412659252287
-0.0313190468256894 0.0631293736159965 -0.0237858109368569 -0.5483702435134213 -0.0191663745549212 -0.4113822428238034 -0.2983874391342746 0.4725353735469211 -0.2392996063680808 -0.3931492927647340
-0.6868609171962625 -0.2335132598888860 0.1609349116641446 -0.4227936358324120 -0.0088312778898829 0.4244378099364093 0.2498318661611060 -0.0585557691826866 -0.1508436261610927 -0.0146679450268265
0.0321585140752165 -0.0322967799303711 -0.2581409996343722 -0.1728329035815647 -0.4826282638363553 0.3775775448986970 -0.6492246418840971 -0.2310813612274384 0.2218332753874991 -0.0426460203900401
0.0168275243924691 -0.2982127750179394 0.0686111316315935 -0.0074600738774172 0.5306861673128785 -0.0181145786496426 -0.5175837020273982 -0.1872715590044956 -0.4240015271346501 0.3759335959809040
-0.4075257117373671 0.4584649198221175 0.0695871842974992 0.2296565249147909 0.1233846751267684 0.1302037202965146 -0.2797878483195467 0.5301167147087980 0.2326757982802426 0.3471720476789421
-0.1420713716051592 0.4738015397629097 0.4258000031013273 -0.2684995307836437 -0.0893727421365375 -0.3884892091875570 -0.0666982074912371 -0.5427960676008089 0.1156572724975067 0.1748313654846047
-0.0888913992958402 -0.6051017088106413 0.0918375645929717 -0.1082145209705554 -0.1473829098216219 -0.3994291902379605 -0.0052815673188750 0.1572796742767890 0.5231877330201595 0.3550353859941894
0.4584472123917057 0.1868832804289036 -0.1413136350845388 -0.5932583074331693 0.2484462136116120 0.2873651103614827 0.2112309670722435 0.1164364268165465 0.1973190006158486 0.3762457328555363
