0.1628490869658494 0.0350246180355875 0.4960315452621424 -0.0029088276424871 -0.3256740793647419 -0.3350932973276745 -0.0975902966610200 -0.3967040317968565 0.1375671797413506 -0.5674714866494932
0.0310944985157310 0.4476585542454696 0.1228334323298771 0.2267721331141906 0.3162022296733241 0.3761037671906018 -0.3482878289618566 0.2697913242237781 -0.2913267402491716 -0.4601308126597013
0.3092014384135300 0.2527612753230236 0.1607736639712344 0.0649219086836092 0.6421630076848824 -0.3526368538384888 0.5113290639688710 -0.0931443947501053 -0.0094641330794077 0.0591121311968427
0.3063422670106388 -0.3910906633295093 -0.0905592546008643 0.3484314240214417 0.2871038360207517 0.4508311575166928 -0.1326935054745396 -0.4617166140958656 0.3264680071147211 -0.0234215630860011
0.2613971526833233 -0.1276288107897084 0.4670977450923477 -0.0617061854934101 0.1428413404993013 -0.1665700941704275 -0.4881883862492794 0.4172299734328654 0.3192666749871311 0.3618083092503089
0.6920673224084450 0.3022909544025684 -0.2743594404784271 0.1654722357952451 -0.3692829146865718 -0.0820681404389008 -0.1496061523787380 -0.1006282194951200 -0.2861030126257353 0.2637059209910124
0.4128754189321434 -0.5345440613260743 0.0633247069397999 -0.1004808861289288 -0.1030560270299640 0.1430745383743059 0.3525305897210415 0.4606943310034896 -0.2383575282090337 -0.3244500657364813
0.0196512489508558 0.2483826679131399 0.5477681452340698 -0.1435257691140278 -0.2318615506922721 0.5780080356410194 0.3432659894808094 -0.1180825495692469 -0.0151395683768665 0.3121105394398120
-0.1638223984125570 0.0421172845517111 0.0853276630236901 0.8320685836394600 -0.2589838944541527 -0.0998413448645041 0.2534271589721815 0.2862432189657454 0.2162950125673911 0.0422424982971274
0.1951575809962900 0.3530733951489926 -0.3162614880396488 -0.2621521123085303 -0.1045184302623649 0.1401580259212712 0.1518623116970959 0.2359144287644126 0.7084630393693478 -0.2393775372762175
