0.0752696215283810 -0.2045723155550057 -0.0514232401891106 -0.2628816352651786 0.2991644395199946 0.0603558520903159 0.0972456281801951 0.1204147153736317 -0.2814179001163160 -0.2828293491444399 0.2463694126016313 -0.4273005619581991 -0.3344087499192398 0.3554156384345104 -0.0603661030868910 0.0198595601543362 0.1019030908652608 -0.1602586223035272 -0.2369179588209393 -0.1636388298652664
0.1541238271821687 0.1722565649860923 0.0379592294843233 0.3496873051550998 0.3966887238905471 -0.3013952309749146 0.0277044709637279 0.1095629442382105 0.1491876374993164 -0.1118671270052356 -0.1147020689784133 -0.3152399552081684 -0.0048088853367061 -0.2863648544325579 -0.1200701565307979 0.3014595817408177 0.3288085391186818 0.1727003937793361 0.2071988444016284 -0.2153608202446668
0.1243146011623320 -0.1457933215610056 0.1968918506215985 0.1234488471620507 0.4973327179744163 0.2265649838562050 -0.1045594446926515 -0.3270831188416918 -0.2307178792022331 0.0237754133281787 0.1586105834662792 0.0988597394173391 0.2074047168861267 -0.2250859323431312 -0.0083919935785396 -0.0476873104287958 -0.2857776926037272 -0.4001948824829510 0.2504099375512481 -0.0584393349628204
-0.1427149995539961 0.0503161352368762 -0.2218399454805297 0.0086110785531896 -0.3649795133600354 0.0369826950495471 0.0657600043361292 -0.0252131774621124 -0.4166228618695313 -0.1060426295978602 0.2187263643754595 0.0929247854647146 0.3910426832713153 -0.1708381392699087 -0.1382623074314371 0.3297521956408423 0.3100731495905450 -0.2108362783441365 -0.0659343991604842 -0.3034504966163667
0.3220984483505440 -0.4169254308088805 -0.0893596778496370 -0.1994816648381137 -0.1726354304209004 -0.2320031464894574 -0.0016548098620294 -0.1499959690984023 0.2765584428843365 0.0853843771412792 0.0255366804257182 0.2522181567083106 -0.3402286169888850 -0.1627641545401418 -0.3603573268928419 0.0239893199807312 0.2044164688697982 -0.2839594088794768 0.1452935595972346 -0.0653199271003805
-0.2013856418907536 0.1981129983968681 0.4570954825250542 -0.0934602918128840 -0.2486373362506775 -0.2384521965317037 0.0385320811888813 -0.0191825798113003 0.1141095048066900 -0.2091641751928393 0.2072964009376616 -0.1075880476518640 -0.0710096576776047 -0.0998479141858680 0.0836564615937966 -0.4330795553389728 -0.0538659404145796 -0.1086077978842206 0.1856602508959706 -0.4603677526903968
-0.3294990556209273 0.1280839219698626 0.1801425766893213 0.1507893538039750 0.2361867721039708 0.1474346408266262 0.1691799009855298 0.4352056423216831 0.1295286484405056 0.2003633944851003 -0.0323543573744383 0.2296661543483350 -0.0504680627688103 -0.0779016417653934 -0.3607521592020668 -0.1483781693701777 0.1635920579787683 -0.3411082749460597 -0.3287710851821436 0.0398886723928617
-0.0362635339661541 -0.2710665212051517 -0.0426324342235185 0.2940283522898552 -0.0071156023912305 0.1259112248530667 0.0352318982378084 -0.1735537896554005 0.1395740724475508 -0.3506627849335038 -0.5600938853423363 0.1235256684049702 0.1685915514872206 0.3431198741284629 -0.0479149187313810 -0.1164755050952654 0.0180134211006562 -0.0595394234647056 -0.1119991228972083 -0.3739414319176386
-0.3097817238089467 -0.1605830067591914 -0.1400809943153338 -0.2071779461655874 -0.0835248939916996 -0.2381401752907308 -0.1345968937082447 0.1076268806005516 0.1266152695369225 -0.0824682133848580 -0.2903214808204549 -0.4742077550707348 0.2119139728149555 -0.2189819931589616 -0.1481932334840581 0.1003382012014536 -0.3600874266519853 -0.3216875802852147 -0.0074736293391012 0.1795345134397017
-0.3972956151588240 0.0483379023292871 0.2548688829103732 -0.1877860673033351 0.0384868453459620 0.2142784586874020 -0.3533935644924303 -0.4411285992493235 -0.0880793843433127 -0.0436472982658137 -0.1941606905329044 -0.0042496691737785 -0.3355182400230527 -0.2186192261355294 -0.1296709594981892 0.2020405099917880 0.1887012272973944 0.2009812054438920 -0.1770200943114203 -0.0009738682336989
0.1925414424193912 0.1313960776541959 -0.0409034701778253 -0.2512157790433064 0.0537439464007351 0.2682278325881515 -0.6399149061475738 0.3668572095998142 0.3089958689265470 -0.1150324066166579 0.1108612330978882 0.1238377363640236 0.1511665169612036 0.0681734287799925 -0.0299979282236470 0.1412969169501856 -0.0670999049679313 0.0107021863454272 0.0156983465554397 -0.2690847869722686
-0.0801656333052016 -0.4029227685680850 0.0067180586046075 0.3188261075126550 -0.0430636413671079 -0.0928049524996285 -0.0704803524806810 0.1324129742811033 -0.0473685137138387 -0.2041947559722694 0.3421482204934836 0.1015627406642735 -0.0361648360383462 -0.2332135643497575 -0.2610740937097113 -0.0269719723699679 -0.3734319300876821 0.4395904571293335 -0.2550768426040684 -0.0538972092380249
0.1836979186710699 -0.0126651674447567 0.2289995811084564 -0.3321385878613128 0.0972807253414211 -0.1105341754211551 0.3422827058051828 -0.0436222991028002 0.0780284255891207 0.2975062057659142 -0.1380820426659454 0.0778773518022966 0.1170983793817061 -0.1064953829660757 0.1528845865813204 0.3277631624371298 -0.2802406869197836 0.1001902968829839 -0.3947785960902639 -0.3776075299123919
0.2523765761308334 0.4218394170298652 -0.1214478328696894 -0.1131016470726273 -0.0296173623004849 0.0276359565852538 0.0387465985945302 -0.1474241203586472 -0.2160241643721945 0.0889291936637083 -0.1445833231431132 -0.0992989625421675 0.0442120161515195 0.0990056845085084 -0.6792502193197447 -0.2341773747655553 -0.2311880916973900 0.1761894087434804 0.0357234532434464 -0.0828064415041880
-0.2081694788932536 -0.0652411591195636 -0.0310586553266391 0.2940828482520344 -0.2051256319836253 0.2763981809933079 0.0425859035405153 0.0561199197207047 0.0613948616569348 0.4320341190842563 0.0649809552343133 -0.2105430498911181 -0.3047670918809255 0.2278345876225296 -0.0672253095378032 0.3084803446404601 -0.2448412673760821 -0.0527484149535648 0.3328338069560755 -0.2908119231858587
-0.3222856120834925 -0.1451139916944693 -0.1462184077497443 -0.3219144193251395 0.2217002135744408 0.2204700440470660 0.3395730844121433 -0.1572946257004726 0.3896942433962620 -0.0330762627490011 0.2443119569641510 -0.0284347324550771 0.3102808138372193 0.0683928088141905 -0.1677251292747736 -0.0393343168554940 0.1354768921555874 0.2839404615109072 0.2630061133267400 -0.0049120167421735
-0.1549375639218832 0.4092938889102168 -0.2472747786740803 0.0430369631377632 0.1054798597434316 -0.1707081215737276 0.1542404230380128 -0.1668665625321974 0.1872705394392815 -0.4091236025636023 0.1397296862851058 0.3276744265841572 -0.2626784197970065 0.1055534889279179 0.0163355068179748 0.3202200680906729 -0.3192729518118186 -0.1894119446511061 -0.0060861063751713 0.0585523577436135
-0.1511355961843709 -0.1028869310137572 -0.1324536028811363 -0.2709097912234979 0.1307325610771933 0.0217296225456478 0.1276115493994326 0.4002209524679451 -0.3846725557838399 -0.1157715720318479 -0.3377253658076865 0.3001339044443251 -0.2082559087193271 -0.2003551890385663 0.0830940990278237 -0.0444921528788807 -0.0898398709523412 0.1622361300829217 0.4132753538722876 -0.1360571118351283
0.1556264979223296 -0.0574116623104671 0.6212091743656714 -0.0439671917925096 -0.2008378385328008 0.1182546850724948 0.1714115374831103 0.1578408594168193 -0.0419928815657800 -0.3013004190242881 -0.0499895622427343 0.0296696959202355 0.1109191310596722 0.1869397676403784 -0.2207687327276093 0.3611778077192074 -0.0237971863212202 0.0112940998007858 0.2078094420745136 0.3313513099650435
-0.2599124637659575 -0.0957626454531371 0.1277558739863092 -0.0472820559490550 0.2044721615284714 -0.5829031389532687 -0.2836675651978375 -0.0269692919054303 -0.1768430227516533 0.2493309896866994 0.0588809033903897 0.2156393513271741 0.1712071481176199 0.4825146732503809 -0.1109380605008601 0.0920640503774985 0.0427823695663861 0.0592826380852876 0.0993683613369762 -0.0199360192461749
