0.9898596546066636 0.0036232665490305 0.0517908042094239 -0.0311101989343448 -0.0193284039757662 -0.0582785217118500 0.0464654604562100 0.0763365295064740 -0.0612509321006787 -0.0317277404525901
-0.0030018968081596 -0.9908022644663224 0.0193001993296904 -0.0680887697402412 -0.0703886699411911 -0.0393128994211264 -0.0522742792658182 0.0274472740705538 0.0248200499921054 -0.0518770292113472
0.0552278690095563 -0.0214792840007049 -0.9759862224980992 -0.1347887441313348 0.1043567856635561 0.1072062502105699 -0.0391784555283381 0.0033284544046663 -0.0371614026507123 0.0214683991333758
-0.0402884687198360 0.0732513629208658 0.1234763486573066 -0.9807808907041125 -0.0390214656625789 -0.0681570808606420 -0.0342751685685060 0.0272792909144782 -0.0045698382029042 0.0878955067227983
-0.0059592576695757 0.0676237381074297 -0.1129599476871256 0.0308723896678069 -0.9856676593958226 0.0138990391563449 -0.0080767509875172 0.0135540812495318 0.0973202218469607 0.0149790651725517
-0.0341045128434631 0.0340712622107039 -0.1188592524055690 0.0523011785059005 0.0107777568569897 -0.9784789928044424 -0.0366205439980279 -0.1193857389065269 0.0852851918651801 -0.0202043037160117
0.0554245513394504 0.0543581025952895 0.0382169775208716 0.0267482766642495 0.0194412563236339 0.0506251177429300 -0.9811424432438679 -0.0312638937274605 0.1284787674733158 -0.0934436966562484
0.0785748564763644 -0.0323752219217453 0.0170423482931467 -0.0347132093697786 -0.0200078228860578 0.1080995590335427 0.0313404895710202 -0.9877084531604224 -0.0265944079358219 0.0440350257260304
-0.0622542273085210 -0.0072004775742396 0.0166840077899720 0.0220391995649311 -0.0981999367261752 -0.0811910999300853 -0.1361293290112188 0.0093620421694344 -0.9799342139446332 -0.0135408227493160
0.0342850731791585 -0.0517879986404507 0.0152608300994763 0.0905659571751165 0.0134326701873430 -0.0215593952576566 -0.0940128159693020 0.0399300386371832 0.0007250868850949 0.9882453460372441
